rtt = [472,410,491]/1000;
fl = [1,2,1]./256;

th = (1460./rtt).*sqrt(2./fl)/1000;